[array([-454.75615, -452.75615, -452.75615, -452.75615, -424.75615,
       -424.75615, -424.75615, -424.75615, -424.75615, -280.75615,
       -280.75615, -280.75615, -280.75615, -127.75615, -127.75615,
       -127.75615, -127.75615,  -63.75615,  -63.75615,  -63.75615,
        -63.75615,  -22.75615,  -22.75615,  -22.75615,  -22.75615,
        -23.75615,  -23.75615,  -23.75615,  -23.75615,  -13.75615,
        -13.75615,  -13.75615,  -13.75615,   -9.75615,   -9.75615,
         -9.75615,   -9.75615,   -1.75615,   -1.75615,   -1.75615,
         -1.75615,    9.24385,    9.24385,    9.24385,    9.24385,
          6.24385,    6.24385,    6.24385,   -9.75615,   -9.75615,
         -9.75615,   -9.75615,   -9.75615,   -2.75615,   -2.75615,
         -2.75615,   -2.75615,  -15.75615,  -15.75615,  -15.75615,
        -15.75615,   14.24385,   14.24385,   14.24385,   14.24385,
         14.24385,   14.24385,   14.24385,   14.24385,   25.24385,
         25.24385,   25.24385,   25.24385,   17.24385,   17.24385,
         17.24385,   17.24385,    5.24385,    5.24385,    5.24385,
          5.24385,    4.24385,    4.24385,    4.24385,    4.24385,
          2.24385,    2.24385,    2.24385,    2.24385,   -3.75615,
         -3.75615,   -3.75615,   -3.75615,   10.24385,   10.24385,
         10.24385,   10.24385,    1.24385,    1.24385,    1.24385,
          1.24385,   18.24385,   18.24385,   18.24385,   18.24385,
          2.24385,    2.24385,    2.24385,    2.24385,   -9.75615,
         -9.75615,   -9.75615,   -9.75615,  -11.75615,  -11.75615,
        -11.75615,  -11.75615,   -3.75615,   -3.75615,   -3.75615,
         20.24385,   20.24385,   20.24385,   20.24385,   20.24385,
         17.24385,   17.24385,   17.24385,   17.24385,    5.24385,
          5.24385,    5.24385,    5.24385,   -1.75615,   -1.75615,
         -1.75615,    2.24385,    2.24385,    2.24385,    2.24385,
          2.24385,   17.24385,   17.24385,   17.24385,    7.24385,
          7.24385,    7.24385,    7.24385,    7.24385,    3.24385,
          3.24385,    3.24385,    3.24385]), array([295.36395, 274.36395, 274.36395, 274.36395, 257.36395, 257.36395,
       257.36395, 257.36395, 257.36395, 188.36395, 188.36395, 188.36395,
       188.36395, 110.36395, 110.36395, 110.36395, 110.36395,  58.36395,
        58.36395,  58.36395,  58.36395,  11.36395,  11.36395,  11.36395,
        11.36395,  -1.63605,  -1.63605,  -1.63605,  -1.63605, -24.63605,
       -24.63605, -24.63605, -24.63605,  -9.63605,  -9.63605,  -9.63605,
        -9.63605,  -9.63605,  -9.63605,  -9.63605,  -9.63605,   2.36395,
         2.36395,   2.36395]), array([99.0497, 96.0497, 96.0497, 96.0497, 96.0497, 91.0497, 91.0497,
       91.0497, 91.0497, 57.0497, 57.0497, 57.0497, 38.0497, 38.0497,
       38.0497, 38.0497, 15.0497, 15.0497, 15.0497, 15.0497, 15.0497,
        1.0497,  1.0497,  1.0497,  1.0497,  2.0497,  2.0497,  2.0497,
        2.0497]), array([-195.3218, -198.3218, -198.3218, -198.3218, -198.3218, -185.3218,
       -185.3218, -185.3218, -123.3218, -123.3218, -123.3218, -123.3218,
       -123.3218,  -55.3218,  -55.3218,  -55.3218,  -55.3218,  -20.3218,
        -20.3218,  -20.3218,  -20.3218]), array([309.73545, 284.73545, 284.73545, 284.73545, 277.73545, 277.73545,
       277.73545, 277.73545, 277.73545, 172.73545, 172.73545, 172.73545,
       172.73545,  92.73545,  92.73545,  92.73545,  92.73545,  44.73545,
        44.73545,  44.73545,  44.73545,  22.73545,  22.73545,  22.73545,
        22.73545,  10.73545,  10.73545,  10.73545,  10.73545,  -1.26455,
        -1.26455,  -1.26455,  -1.26455,  -3.26455,  -3.26455,  -3.26455,
        -3.26455,  -2.26455,  -2.26455,  -2.26455,  -2.26455,  -4.26455,
        -4.26455,  -4.26455,   2.73545,   2.73545,   2.73545,   2.73545,
         2.73545,   2.73545,   2.73545,  -2.26455,  -2.26455,  -2.26455,
        -2.26455])]