[array([500, 502, 502, 502, 530, 530, 530, 530, 530, 674, 674, 674, 674,
       827, 827, 827, 827, 891, 891, 891, 891, 932, 932, 932, 932, 931,
       931, 931, 931, 941, 941, 941, 941, 945, 945, 945, 945, 953, 953,
       953, 953, 964, 964, 964, 964, 961, 961, 961, 945, 945, 945, 945,
       945, 952, 952, 952, 952, 939, 939, 939, 939, 969, 969, 969, 969,
       969, 969, 969, 969, 980, 980, 980, 980, 972, 972, 972, 972, 960,
       960, 960, 960, 959, 959, 959, 959, 957, 957, 957, 957, 951, 951,
       951, 951, 965, 965, 965, 965, 956, 956, 956, 956, 973, 973, 973,
       973, 957, 957, 957, 957, 945, 945, 945, 945, 943, 943, 943, 943,
       951, 951, 951, 975, 975, 975, 975, 975, 972, 972, 972, 972, 960,
       960, 960, 960, 953, 953, 953, 957, 957, 957, 957, 957, 972, 972,
       972, 962, 962, 962, 962, 962, 958, 958, 958, 958]), array([971, 950, 950, 950, 933, 933, 933, 933, 933, 864, 864, 864, 864,
       786, 786, 786, 786, 734, 734, 734, 734, 687, 687, 687, 687, 674,
       674, 674, 674, 651, 651, 651, 651, 666, 666, 666, 666, 666, 666,
       666, 666, 678, 678, 678]), array([675, 672, 672, 672, 672, 667, 667, 667, 667, 633, 633, 633, 614,
       614, 614, 614, 591, 591, 591, 591, 591, 577, 577, 577, 577, 578,
       578, 578, 578]), array([580, 577, 577, 577, 577, 590, 590, 590, 652, 652, 652, 652, 652,
       720, 720, 720, 720, 755, 755, 755, 755]), array([786, 761, 761, 761, 754, 754, 754, 754, 754, 649, 649, 649, 649,
       569, 569, 569, 569, 521, 521, 521, 521, 499, 499, 499, 499, 487,
       487, 487, 487, 475, 475, 475, 475, 473, 473, 473, 473, 474, 474,
       474, 474, 472, 472, 472, 479, 479, 479, 479, 479, 479, 479, 474,
       474, 474, 474])]