-40.981590
-42.075615
-43.879272
-44.991638
-42.560112
-40.849155
-43.046604
-45.582439
-43.772530
-27.128435
-11.440424
-12.058000
-29.494671
-39.026169
-40.914951
-38.659359
-41.714531
-46.844013
-46.428493
-50.958920
-47.954235
-24.935246
-19.421173
-28.325520
-48.633686
-47.962479
-50.486519
-51.502758
-55.194126
-53.556217
-51.233597
-43.983303
-28.492630
-15.265829
-17.232077
-37.525352
-57.331833
-55.263767
-55.838356
-56.561710
-57.370586
-56.897057
-58.510052
-57.666912
-33.716682
-28.709011
-38.544716
-58.501030
-56.866661
-60.014454
-58.769276
-56.641068
-60.060902
-58.321491
-53.890621
-42.852852
-29.457157
-31.451721
-50.420731
-61.618389
-60.540844
-62.851658
-65.034073
-63.451874
-64.829643
-61.314777
-53.413158
-38.691456
-35.214901
-42.771473
-57.786755
-63.788448
-67.314201
-66.802452
-64.860115
-66.373711
-66.661537
-67.698860
-54.800926
-43.768356
-45.201569
-52.824997
-64.494629
-68.590408
-68.259644
-67.172890
-69.391502
-67.630753
-66.988663
-67.669380
-59.368435
-56.029781
-53.390236
-52.949528
-66.752869
-68.720917
-69.078773
-69.162544
-69.289169
-66.970200
-65.778870
-46.410225
-36.341686
-41.069366
-51.548931
-48.309444
-57.354759
-66.431206
-69.074295
-70.436081
-71.187431
-70.411858
-71.427460
-64.037239
-62.898289
-70.945099
-72.434280
-66.751190
-67.622887
-70.967842
-73.164139
-72.445938
-72.004890
-73.561836
-72.433685
-73.486259
-73.115517
-73.520424
-73.196297
-73.968376
-73.794273
-73.156830
-73.750763
-74.028938
-73.899376
-74.181770
-67.583542
-68.751968
-72.807556
-74.137016
-74.515289
-73.901482
-74.924294
-73.529190
-74.625450
-74.211845
-74.495560
-74.086784
-73.772461
-74.474457
-74.275612
-75.574417
-74.103340
-74.730362
-75.021790
-73.967682
-73.799057
-73.499908
-71.544151
-59.625874
-59.446777
-71.815704
-74.434479
-72.035553
-72.223518
-72.955574
-72.619827
-72.893814
-73.084862
-73.773102
-69.143982
-64.605942
-71.279686
-73.206184
-72.573875
-73.525055
-73.913460
-74.662529
-72.396362
-72.738823
-71.967247
-69.531593
-61.596489
-63.740505
-73.968361
-76.297516
-74.918579
-75.178795
-75.764076
-76.518127
-75.758324
-77.502151
-75.888802
-71.513092
-67.415062
-74.050247
-76.981560
-76.827362
-77.512283
-77.056244
-76.604599
-76.873940
-77.635216
-76.652054
-77.097198
-76.377457
-75.344612
-77.590607
-77.719490
-76.907516
-78.081261
-77.457649
-76.966805
-77.809677
-77.462944
-77.661171
-77.285728
-75.561516
-78.019058
-78.234856
-77.978516
-77.884232
-78.275955
-78.151855
-78.103569
-76.710342
-75.625771
-78.042412
-76.395630
-77.682419
-78.281425
-78.429893
	-78.653030
	-78.608292
	-78.387863
	-78.720932
	-78.772751
	-78.380951
	-78.728592
	-78.904167
	-78.317696
	-79.103958
	-78.626312
	-78.755165
	-78.823578
	-78.800354
	-79.133385
	-78.659920
	-79.078133
	-78.720329
	-78.940720
	-76.973427
	-78.703003
	-78.885033
	-79.433304
	-78.828354
	-79.255379
	-79.197136
	-79.439079
	-78.945236
	-79.579704
	-79.244095
	-78.809349
	-78.672218
	-79.351860
	-79.590652
	-79.414467
	-79.611435
	-79.323097
	-79.452065
	-79.473007
	-79.800735
	-79.445007
	-78.299110
	-74.109695
	-77.796692
	-79.752014
	-79.503807
	-79.370499
	-79.800865
	-79.895897
	-79.566368
	-80.049629
	-79.728767
	-80.165581
	-78.155258
	-79.073013
	-79.562981
	-80.439102
	-79.819687
	-79.913628
	-79.939484
	-80.090363
	-80.146957
	-79.984222
	-80.039101
	-80.296608
	-79.241653
	-80.160767
	-80.135307
	-80.161598
	-80.162910
	-80.445541
	-79.983459
	-80.409447
	-80.253777
	-80.277962
	-80.489136
	-79.927574
	-80.735451
	-80.261032
	-80.649925
	-80.481720
	-80.214027
	-80.564980
	-80.542137
	-80.744034
	-80.332138
	-80.818008
	-80.352875
	-80.451897
	-80.329369
	-81.002495
	-80.252739
	-81.034187
	-80.545158
	-80.745636
	-80.647728
	-80.793358
	-80.835091
	-80.647659
	-80.672951
	-80.618912
	-80.858841
	-80.898018
	-80.672447
	-80.332329
	-80.567337
	-79.796867
	-79.224121
	-79.649429
	-79.129135
	-79.541733
	-80.798645
	-79.841133
	-80.817009
	-80.470413
	-81.060577
	-81.267822
	-80.767593
	-81.137764
	-81.160500
	-80.969734
	-81.148949
	-81.121513
	-81.082123
	-81.281052
	-81.192322
	-81.206810
	-81.189224
	-81.256142
	-81.121460
	-81.577187
	-80.916969
	-81.527405
	-81.338142
	-80.865021
	-81.424179
	-81.127289
	-81.496323
	-81.340759
	-81.482460
	-81.050331
	-81.478928
	-81.396523
	-81.152344
	-81.503944
	-81.492752
	-81.193642
	-81.266083
	-81.753502
	-81.215446
	-81.454620
	-81.676521
	-81.492691
	-81.322235
	-81.784538
	-81.371262
	-81.607742
	-81.162354
	-81.793617
	-81.464325
	-81.722084
	-81.257210
	-81.438293
	-81.689064
	-81.496490
	-81.804199
	-81.496971
	-81.862244
	-81.705574
	-81.775330
	-81.822403
	-81.621521
	-81.915115
	-81.789696
	-81.623436
	-81.928680
	-81.679329
	-81.764160
	-82.234665
	-81.710190
	-81.832481
	-81.728050
	-81.822639
	-81.780777
	-82.039314
	-81.813576
	-81.944054
	-81.737465
	-82.142891
	-81.787239
	-81.998520
	-81.735367
	-82.085548
	-81.966873
	-81.975327
	-81.821617
	-82.088875
	-81.979385
	-81.861923
	-82.213913
	-81.786339
	-82.290710
	-81.816238
	-82.095467
	-82.024902
	-82.080383
	-82.028671
	-81.988197
	-82.051018
	-82.147141
	-82.006958
	-82.155296
	-81.943222
	-82.200516
	-81.810036
	-82.267311
	-82.326447
	-81.947975
	-82.056427
	-82.072495
	-82.291763
	-82.071083
	-82.112236
	-82.210747
	-82.077057
	-82.117378
	-82.199127
	-82.153015
	-82.250511
	-82.039841
	-82.330666
	-82.037712
	-82.268295
	-82.298126
	-82.087318
	-82.262291
	-82.103584
	-82.308319
	-82.358490
	-82.050385
	-82.417068
	-82.183411
	-82.079414
	-82.459381
	-82.174919
	-82.146202
	-82.330742
	-82.216949
	-82.253807
	-82.416084
	-82.181480
	-82.273544
	-82.361763
	-82.159302
	-82.391098
	-82.297371
	-82.201157
	-82.383591
	-82.265854
	-82.272026
	-82.346222
	-82.307510
	-82.300644
	-82.372849
	-82.281006
	-82.390816
	-82.257553
	-82.383194
	-82.343864
	-82.333740
	-82.300705
	-82.370590
	-82.325798
	-82.335068
	-82.334724
	-82.357178
	-82.311104
	-82.382568
	-82.317940